4294967279,425
4294967279,424
11,28
4294967279,423
4294967278,558
4294967278,557
4294967279,422
4294967278,556
4294967278,555
4294967278,554
4294967278,553
4294967279,421
4294967278,552
4294967278,551
4294967278,550
11,27
4294967279,420
4294967278,549
4294967278,548
4294967278,547
4294967278,546
4294967278,545
4294967278,544
11,26
4294967278,543
4294967278,542
4294967278,541
4294967279,419
4294967279,418
4294967278,540
11,25
4294967279,417
4294967279,416
4294967279,415
4294967279,414
11,24
4294967279,413
4294967278,539
4294967279,412
4294967279,411
11,23
4294967278,538
4294967279,410
11,22
4294967279,409
4294967278,537
4294967278,536
4294967278,535
4294967279,408
4294967279,407
4294967279,406
11,21
4294967278,534
4294967278,533
4294967279,405
4294967278,532
11,20
4294967279,404
11,19
4294967279,403
4294967278,531
11,18
4294967278,530
4294967279,402
11,17
4294967278,529
4294967278,528
4294967279,401
4294967279,400
11,16
4294967278,527
11,15
4294967279,399
11,14
4294967279,398
4294967278,526
4294967278,525
11,13
4294967279,397
4294967278,524
11,12
4294967279,396
4294967278,523
11,11
4294967279,395
4294967279,394
11,10
4294967278,522
11,9
4294967278,521
4294967279,393
11,8
4294967278,520
4294967278,519
4294967279,392
4294967278,518
4294967278,517
11,7
11,6
11,5
4294967278,516
4294967278,515
4294967278,514
4294967279,391
4294967279,390
4294967278,513
4294967279,389
4294967279,388
4294967278,512
4294967279,387
4294967278,277
4294967279,386
4294967279,385
4294967279,384
4294967279,167
11,4
11,3
11,2
11,1
4294967279,159
10,4
10,3
10,2
10,1
4294967294,187
4294967294,439
4294967278,272
9,4
9,3
9,2
9,1
4294967279,153
8,31
4294967279,383
8,30
8,29
8,28
8,27
8,26
8,25
4294967279,382
8,24
8,23
8,22
8,21
8,20
8,19
4294967279,381
8,18
8,17
8,16
8,15
8,14
8,13
8,12
4294967279,380
8,11
8,10
8,9
8,8
8,7
8,6
8,5
4294967279,379
4294967278,383
8,4
8,3
8,2
8,1
4294967278,382
4294967279,378
4294967278,381
7,38
7,37
7,29
7,36
7,28
7,35
7,34
7,33
7,32
7,24
7,31
7,30
7,20
7,18
7,27
7,26
4294967278,380
7,25
7,23
7,7
7,22
7,21
7,19
7,17
7,6
7,5
7,16
7,15
7,14
7,13
7,12
7,11
7,10
7,9
7,8
4294967278,379
4294967279,377
4294967278,378
4294967279,376
7,4
7,3
7,2
7,1
4294967294,1486
4294967294,1485
4294967294,1484
4294967279,375
4294967279,374
6,6
6,5
6,4
6,3
6,2
6,1
4294967279,373
4294967278,377
4294967279,372
4294967278,376
4294967279,371
4294967278,375
4294967279,322
4294967278,374
4294967279,320
4294967278,373
4294967279,319
4294967278,372
4294967278,371
4294967279,318
4294967278,370
4294967279,317
4294967278,369
4294967278,368
4294967279,316
4294967278,367
4294967279,315
4294967278,366
4294967278,365
4294967279,314
4294967278,364
4294967279,313
4294967279,312
4294967278,363
4294967278,362
4294967278,361
4294967279,311
4294967278,360
4294967279,310
4294967278,359
4294967279,309
4294967278,357
4294967279,308
4294967278,356
4294967279,307
4294967278,355
4294967279,306
4294967278,354
4294967279,305
4294967278,353
4294967279,304
4294967279,303
4294967278,352
4294967278,351
4294967279,302
4294967278,350
4294967278,349
4294967278,348
4294967278,347
4294967279,301
4294967279,300
4294967278,346
4294967279,299
4294967278,345
4294967278,344
4294967279,298
4294967278,343
4294967278,342
4294967294,455
4294967278,341
4294967293,131
4294967293,130
4294967293,129
4294967293,128
4294967293,127
4294967293,126
4294967293,125
4294967293,124
4294967293,123
4294967293,122
4294967293,121
4294967293,120
4294967293,119
4294967293,118
4294967293,117
4294967293,116
4294967293,115
4294967293,114
4294967293,113
4294967293,112
4294967293,111
4294967293,110
4294967293,109
4294967293,108
4294967293,107
4294967293,106
4294967293,105
4294967293,104
4294967293,103
4294967293,102
4294967293,101
4294967293,100
4294967293,99
4294967293,98
4294967293,97
4294967293,96
4294967293,95
4294967293,94
4294967293,93
4294967293,92
4294967293,91
4294967293,90
4294967293,89
4294967293,88
4294967293,87
4294967293,86
4294967293,85
4294967293,84
4294967293,83
4294967293,82
4294967293,81
4294967293,80
4294967293,79
4294967293,78
4294967293,77
4294967293,76
4294967293,75
4294967293,74
4294967293,73
4294967293,72
4294967293,71
